wavelength		 flux
1.211000082897151515e+03 1.260557016872088434e-14
1.211006555497110185e+03 1.549514411340866366e-14
1.211013028097068855e+03 1.712049524036023776e-14
1.211019500533412838e+03 1.772739138104859815e-14
1.211025972969757277e+03 1.805012985689455254e-14
1.211032445242834001e+03 1.825195323162195927e-14
1.211038917515910725e+03 1.837641375152374171e-14
1.211045389626068754e+03 1.845942194097166931e-14
1.211051861736226556e+03 1.852311574175175429e-14
1.211058333683816045e+03 1.857577145962004577e-14
1.211064805631405534e+03 1.862864638691907627e-14
1.211071277416778230e+03 1.868175410274635175e-14
1.211077749202150699e+03 1.873508463790400198e-14
1.211084220825659486e+03 1.878864507276231698e-14
1.211090692449168500e+03 1.884243998491317182e-14
1.211097163911168082e+03 1.889646189980131734e-14
1.211103635373167663e+03 1.895071386293526774e-14
1.211110106674013878e+03 1.900520002674848304e-14
1.211116577974859865e+03 1.905992373925798561e-14
1.211123049114909918e+03 1.911487494090635979e-14
1.211129520254960426e+03 1.917007968536392929e-14
1.211135991234572657e+03 1.922551401174095484e-14
1.211142462214185571e+03 1.928118025475721762e-14
1.211148933033720596e+03 1.933710663224699592e-14
1.211155403853256075e+03 1.939327027367599679e-14
1.211161874513075190e+03 1.944967979139968949e-14
1.211168345172894533e+03 1.950633036614759769e-14
1.211174815673359490e+03 1.956323392812676839e-14
1.211181286173825129e+03 1.962038820646463508e-14
1.211187756515300862e+03 1.967778386105083780e-14
1.211194226856776822e+03 1.973543271252780064e-14
1.211200697039627585e+03 1.979334149480897774e-14
1.211207167222479029e+03 1.985150695050152025e-14
1.211213637247071119e+03 1.990991664488134478e-14
1.211220107271663892e+03 1.996858357952256097e-14
1.211226577138365883e+03 2.002751653940597187e-14
1.211233047005067419e+03 2.008670556653400804e-14
1.211239516714247202e+03 2.014614943741440139e-14
1.211245986423426757e+03 2.020586868915726043e-14
1.211252455975454041e+03 2.026585268591074273e-14
1.211258925527481324e+03 2.032609842590116766e-14
1.211265394922727410e+03 2.038661522732775341e-14
1.211271864317973495e+03 2.044740980956218369e-14
1.211278333556809912e+03 2.050847711609951081e-14
1.211284802795646556e+03 2.056980910344437243e-14
1.211291271878447333e+03 2.063141504169269079e-14
1.211297740961248110e+03 2.069331020362330929e-14
1.211304209888387049e+03 2.075547956834232187e-14
1.211310678815525989e+03 2.081792718623868197e-14
1.211317147587378486e+03 2.088065141440046447e-14
1.211323616359230755e+03 2.094367146045651885e-14
1.211330084976172884e+03 2.100697646913116779e-14
1.211336553593115468e+03 2.107057359581116090e-14
1.211343022055525580e+03 2.113445319017471565e-14
1.211349490517935237e+03 2.119862517641637093e-14
1.211355958826190545e+03 2.126308786949819941e-14
1.211362427134445852e+03 2.132784752943866245e-14
1.211368895288925842e+03 2.139289709499082784e-14
1.211375363443406059e+03 2.145824575818132016e-14
1.211381831444491354e+03 2.152388568070838483e-14
1.211388299445577331e+03 2.158982689155039624e-14
1.211394767293649238e+03 2.165608420044827878e-14
1.211401235141721145e+03 2.172263925199682866e-14
1.211407702837161196e+03 2.178950814479813097e-14
1.211414170532601474e+03 2.185668880832020195e-14
1.211420638075793249e+03 2.192417188373459640e-14
1.211427105618984569e+03 2.199197288651384632e-14
1.211433573010311420e+03 2.206007695342568831e-14
1.211440040401638726e+03 2.212849697207821333e-14
1.211446507641485368e+03 2.219724046721858302e-14
1.211452974881332239e+03 2.226631240884234256e-14
1.211459441970084526e+03 2.233570255442998566e-14
1.211465909058836587e+03 2.240542406620665622e-14
1.211472375996880601e+03 2.247546622489310682e-14
1.211478842934924387e+03 2.254583214491616714e-14
1.211485309722646434e+03 2.261652457280213975e-14
1.211491776510368936e+03 2.268755709800747653e-14
1.211498243148157599e+03 2.275892902853352749e-14
1.211504709785946488e+03 2.283062979068095817e-14
1.211511176274190120e+03 2.290267605393082286e-14
1.211517642762433525e+03 2.297506624611694293e-14
1.211524109101521390e+03 2.304779815307158204e-14
1.211530575440609482e+03 2.312088260701435459e-14
1.211537041630931299e+03 2.319431318887974950e-14
1.211543507821253115e+03 2.326808641236041111e-14
1.211549973863199284e+03 2.334221057545166882e-14
1.211556439905146135e+03 2.341668280287650280e-14
1.211562905799108194e+03 2.349151407078314309e-14
1.211569371693070480e+03 2.356671244291158725e-14
1.211575837439439965e+03 2.364226321751014074e-14
1.211582303185809451e+03 2.371817940713849550e-14
1.211588768784979493e+03 2.379446606065290803e-14
1.211595234384149080e+03 2.387112224897904837e-14
1.211601699836511898e+03 2.394814471430695908e-14
1.211608165288874943e+03 2.402555139004341321e-14
1.211614630594824121e+03 2.410332698747169931e-14
1.211621095900773525e+03 2.418148442277041188e-14
1.211627561060703329e+03 2.426002011799043532e-14
1.211634026220633586e+03 2.433892998386721118e-14
1.211640491234938509e+03 2.441823346291974870e-14
1.211646956249243885e+03 2.449792630607995053e-14
1.211653421118319784e+03 2.457800650254596045e-14
1.211659885987395455e+03 2.465848749335519122e-14
1.211666350711636824e+03 2.473935970159346964e-14
1.211672815435878192e+03 2.482063392813603178e-14
1.211679280015681570e+03 2.490231056445356202e-14
1.211685744595484948e+03 2.498438273573867222e-14
1.211692209031246875e+03 2.506685711337986840e-14
1.211698673467008575e+03 2.514975144950184797e-14
1.211705137759125591e+03 2.523305528832132994e-14
1.211711602051242608e+03 2.531678035031803746e-14
1.211718066200111934e+03 2.540091036520366214e-14
1.211724530348981261e+03 2.548547093811921220e-14
1.211730994355000803e+03 2.557044703031808306e-14
1.211737458361020117e+03 2.565584463300866180e-14
1.211743922224587322e+03 2.574167829824933161e-14
1.211750386088154528e+03 2.582795607232329243e-14
1.211756849809667983e+03 2.591464922863760970e-14
1.211763313531181439e+03 2.600178973707039076e-14
1.211769777111040185e+03 2.608937655397721202e-14
1.211776240690898476e+03 2.617738982503581822e-14
1.211782704129500416e+03 2.626585122204830298e-14
1.211789167568101902e+03 2.635476653056429225e-14
1.211795630865846761e+03 2.644412066971472594e-14
1.211802094163591391e+03 2.653393964410367560e-14
1.211808557320877753e+03 2.662421920520649332e-14
1.211815020478164115e+03 2.671495295725534329e-14
1.211821483495392386e+03 2.680616886002138770e-14
1.211827946512620201e+03 2.689782882728533290e-14
1.211834409390189194e+03 2.698996907625316906e-14
1.211840872267758186e+03 2.708258124809845449e-14
1.211847335006068533e+03 2.717567266208663530e-14
1.211853797744378880e+03 2.726925889535086195e-14
1.211860260343830760e+03 2.736332547300870177e-14
1.211866722943282412e+03 2.745785951515554298e-14
1.211873185404274636e+03 2.755290667919377516e-14
1.211879647865267771e+03 2.764844236747464999e-14
1.211886110188202110e+03 2.774446999831561174e-14
1.211892572511136450e+03 2.784099150664268780e-14
1.211899034696412855e+03 2.793802824005669112e-14
1.211905496881689032e+03 2.803555573792145398e-14
1.211911958929707453e+03 2.813361091671552620e-14
1.211918420977725873e+03 2.823217376974660043e-14
1.211924882888887396e+03 2.833126051274164771e-14
1.211931344800049374e+03 2.843087863504188109e-14
1.211937806574753949e+03 2.853102038546159509e-14
1.211944268349458753e+03 2.863166917268401504e-14
1.211950729988107241e+03 2.873286682707810102e-14
1.211957191626755503e+03 2.883461708401124774e-14
1.211963653129748764e+03 2.893689988427634291e-14
1.211970114632741570e+03 2.903970651279943319e-14
1.211976576000478872e+03 2.914308382823653412e-14
1.211983037368216628e+03 2.924699744448642179e-14
1.211989498601098830e+03 2.935147086927482649e-14
1.211995959833981487e+03 2.945651304259177857e-14
1.212002420932409223e+03 2.956212567762753376e-14
1.212008882030836730e+03 2.966831366474743950e-14
1.212015342995210176e+03 2.977506589408186651e-14
1.212021803959583394e+03 2.988240618903116389e-14
1.212028264790302046e+03 2.999031318095225985e-14
1.212034725621020925e+03 3.009880050207845662e-14
1.212041186318484506e+03 3.020788026845266792e-14
1.212047647015948542e+03 3.031756003792862277e-14
1.212054107580557456e+03 3.042784393379231737e-14
1.212060568145166371e+03 3.053870275276242377e-14
1.212067028577319888e+03 3.065017089515743363e-14
1.212073489009473178e+03 3.076227124348050578e-14
1.212079949309570566e+03 3.087499268350424865e-14
1.212086409609667953e+03 3.098831524169176850e-14
1.212092869778108479e+03 3.110226076087464294e-14
1.212099329946548551e+03 3.121687176431246910e-14
1.212105789983730574e+03 3.133208613312861504e-14
1.212112250020912370e+03 3.144793845807790240e-14
1.212118709927234477e+03 3.156444198043938156e-14
1.212125169833556583e+03 3.168159976227027814e-14
1.212131629609416905e+03 3.179940521146125974e-14
1.212138089385277453e+03 3.191785675610892675e-14
1.212144549031074575e+03 3.203698412372943955e-14
1.212151008676871470e+03 3.215679486601831921e-14
1.212157468193002387e+03 3.227728055142748607e-14
1.212163927709133304e+03 3.239844889979790441e-14
1.212170387095995238e+03 3.252030668490206834e-14
1.212176846482857172e+03 3.264283053514366366e-14
1.212183305740847345e+03 3.276605031216567716e-14
1.212189764998836836e+03 3.288995035338679784e-14
1.212196224128350877e+03 3.301456451547264656e-14
1.212202683257865374e+03 3.313989600009350634e-14
1.212209142259299824e+03 3.326595084169886241e-14
1.212215601260734047e+03 3.339270307831014900e-14
1.212222060134484536e+03 3.352020120285922362e-14
1.212228519008234571e+03 3.364843895152696880e-14
1.212234977754696047e+03 3.377739018363083838e-14
1.212241436501157523e+03 3.390708438103777052e-14
1.212247895120724479e+03 3.403754061111086642e-14
1.212254353740291208e+03 3.416876535768772494e-14
1.212260812233357228e+03 3.430072365880670144e-14
1.212267270726423476e+03 3.443345249913296436e-14
1.212273729093383054e+03 3.456694934549130639e-14
1.212280187460342631e+03 3.470123717191362778e-14
1.212286645701587986e+03 3.483632016144422091e-14
1.212293103942833341e+03 3.497216398468291179e-14
1.212299562058757374e+03 3.510881520121766054e-14
1.212306020174680953e+03 3.524626139748418283e-14
1.212312478165675202e+03 3.538454362700479043e-14
1.212318936156669224e+03 3.552363950044838934e-14
1.212325394023124773e+03 3.566356149209086376e-14
1.212331851889580093e+03 3.580430436062395509e-14
1.212338309631887569e+03 3.594586981619618501e-14
1.212344767374195271e+03 3.608827831490045746e-14
1.212351224992744392e+03 3.623157449288333665e-14
1.212357682611293512e+03 3.637568847023679742e-14
1.212364140106473997e+03 3.652065312066010713e-14
1.212370597601654481e+03 3.666649663418841392e-14
1.212377054973854229e+03 3.681322266297129842e-14
1.212383512346053976e+03 3.696082162596804971e-14
1.212389969595661341e+03 3.710931406103136263e-14
1.212396426845268479e+03 3.725872520534213406e-14
1.212402883972669997e+03 3.740901114947432027e-14
1.212409341100071515e+03 3.756022030875992280e-14
1.212415798105653266e+03 3.771234067799657655e-14
1.212422255111235245e+03 3.786538396167468077e-14
1.212428711995383537e+03 3.801939059368793360e-14
1.212435168879531602e+03 3.817432025230635140e-14
1.212441625642630697e+03 3.833021690758269632e-14
1.212448082405729110e+03 3.848704728683729431e-14
1.212454539048162587e+03 3.864485355782040588e-14
1.212460995690596064e+03 3.880363634608219434e-14
1.212467452212747048e+03 3.896336691776688473e-14
1.212473908734897805e+03 3.912410147531723468e-14
1.212480365137148510e+03 3.928584688886185411e-14
1.212486821539398761e+03 3.944861200618968893e-14
1.212493277822130494e+03 3.961236522014364967e-14
1.212499734104861773e+03 3.977716440996327661e-14
1.212506190268454247e+03 3.994299073105023981e-14
1.212512646432046949e+03 4.010985398332416837e-14
1.212519102476880107e+03 4.027777072334873702e-14
1.212525558521712810e+03 4.044673859849297989e-14
1.212532014448164546e+03 4.061676114144881635e-14
1.212538470374616509e+03 4.078783458143120583e-14
1.212544926183064717e+03 4.096000288308481458e-14
1.212551381991513153e+03 4.113331090623356394e-14
1.212557837682333911e+03 4.130769235282235191e-14
1.212564293373155124e+03 4.148320204159336147e-14
1.212570748946724507e+03 4.165983036790690577e-14
1.212577204520293435e+03 4.183759483561392609e-14
1.212583659976985018e+03 4.201649412807991152e-14
1.212590115433676374e+03 4.219651991475645538e-14
1.212596570773864187e+03 4.237772750348746620e-14
1.212603026114052000e+03 4.256012603020072559e-14
1.212609481338107798e+03 4.274368166217572186e-14
1.212615936562163597e+03 4.292842023690878886e-14
1.212622391670458001e+03 4.311436000462104260e-14
1.212628846778752859e+03 4.330154329378490468e-14
1.212635301771656714e+03 4.348993610596336712e-14
1.212641756764560569e+03 4.367954000224041288e-14
1.212648211642442448e+03 4.387039326518827696e-14
1.212654666520324554e+03 4.406251513169062717e-14
1.212661121283551893e+03 4.425587212513716066e-14
1.212667576046779459e+03 4.445052732358889646e-14
1.212674030695719466e+03 4.464648075163960197e-14
1.212680485344659246e+03 4.484373074519731397e-14
1.212686939879676402e+03 4.504228812806296746e-14
1.212693394414693557e+03 4.524219209186853347e-14
1.212699848836152114e+03 4.544338798125313297e-14
1.212706303257610671e+03 4.564594394102734423e-14
1.212712757565873517e+03 4.584986166399229686e-14
1.212719211874136590e+03 4.605513917308778235e-14
1.212725666069565250e+03 4.626181143873811164e-14
1.212732120264994137e+03 4.646988098971784723e-14
1.212738574347948543e+03 4.667935315694204631e-14
1.212745028430902948e+03 4.689023533747740714e-14
1.212751482401742578e+03 4.710258054357978944e-14
1.212757936372581753e+03 4.731638785038732370e-14
1.212764390231663810e+03 4.753166590745431930e-14
1.212770844090746095e+03 4.774838481415773614e-14
1.212777297838426421e+03 4.796659661717928612e-14
1.212783751586106973e+03 4.818626989205561569e-14
1.212790205222740951e+03 4.840750787404502112e-14
1.212796658859375384e+03 4.863024870278141583e-14
1.212803112385315899e+03 4.885454738026419890e-14
1.212809565911257323e+03 4.908041031760765571e-14
1.212816019326857258e+03 4.930783050238758800e-14
1.212822472742457421e+03 4.953682215988023255e-14
1.212828926048066478e+03 4.976745214864218593e-14
1.212835379353675762e+03 4.999968010337646267e-14
1.212841832549644096e+03 5.023353819521028085e-14
1.212848285745611975e+03 5.046905487410198821e-14
1.212854738832286102e+03 5.070622368871112349e-14
1.212861191918960230e+03 5.094508957080071804e-14
1.212867644896687125e+03 5.118559159797271509e-14
1.212874097874413565e+03 5.142784702963974872e-14
1.212880550743537015e+03 5.167181961582696331e-14
1.212887003612660465e+03 5.191752572321388731e-14
1.212893456373523804e+03 5.216503315589221644e-14
1.212899909134387599e+03 5.241429616463487696e-14
1.212906361787331889e+03 5.266532963509187101e-14
1.212912814440276406e+03 5.291820098216882054e-14
1.212919266985642935e+03 5.317293315546112572e-14
1.212925719531009008e+03 5.342947419820587714e-14
1.212932171969134743e+03 5.368789815691352423e-14
1.212938624407260704e+03 5.394818203204540329e-14
1.212945076738482840e+03 5.421041223744059922e-14
1.212951529069704748e+03 5.447454539320922272e-14
1.212957981294357751e+03 5.474058060995441966e-14
1.212964433519010754e+03 5.500857777290746931e-14
1.212970885637428410e+03 5.527852471119578170e-14
1.212977337755846520e+03 5.555050257594741488e-14
1.212983789768359884e+03 5.582452334446021202e-14
1.212990241780873930e+03 5.610048857322180976e-14
1.212996693687813604e+03 5.637857453887876018e-14
1.213003145594753505e+03 5.665869674069162871e-14
1.213009597396447361e+03 5.694090045863880502e-14
1.213016049198141900e+03 5.722527753295518273e-14
1.213022500894916675e+03 5.751177204437390136e-14
1.213028952591691450e+03 5.780040175797259663e-14
1.213035404183871378e+03 5.809125027626438761e-14
1.213041855776051079e+03 5.838434717737414346e-14
1.213048307263959487e+03 5.867961598686346093e-14
1.213054758751867439e+03 5.897710600615350191e-14
1.213061210135825149e+03 5.927692709335698528e-14
1.213067661519782632e+03 5.957905312835579486e-14
1.213074112800107969e+03 5.988349375678368950e-14
1.213080564080433533e+03 6.019029112464567593e-14
1.213087015257444818e+03 6.049943796191736231e-14
1.213093466434456104e+03 6.081098984908763360e-14
1.213099917508468479e+03 6.112498169279011899e-14
1.213106368582480854e+03 6.144140319582348111e-14
1.213112819553807412e+03 6.176024104530007334e-14
1.213119270525134425e+03 6.208160825955746457e-14
1.213125721394087577e+03 6.240553392148924818e-14
1.213132172263040957e+03 6.273200182248010041e-14
1.213138623029929477e+03 6.306102423930153954e-14
1.213145073796818451e+03 6.339266560431125254e-14
1.213151524461950657e+03 6.372694850685621155e-14
1.213157975127083546e+03 6.406383968381316130e-14
1.213164425690765256e+03 6.440344322426442168e-14
1.213170876254447194e+03 6.474575485886597073e-14
1.213177326716981952e+03 6.509079804980461187e-14
1.213183777179516710e+03 6.543856116382941826e-14
1.213190227541206013e+03 6.578918936791609666e-14
1.213196677902895090e+03 6.614266003326780131e-14
1.213203128164038617e+03 6.649892271264073450e-14
1.213209578425182599e+03 6.685817808353456862e-14
1.213216028586077755e+03 6.722034175968182213e-14
1.213222478746973366e+03 6.758546144892487140e-14
1.213228928807915963e+03 6.795355697479490986e-14
1.213235378868858561e+03 6.832467280542925379e-14
1.213241828830141458e+03 6.869883222501325416e-14
1.213248278791424582e+03 6.907608755760042229e-14
1.213254728653339498e+03 6.945645851779642911e-14
1.213261178515254414e+03 6.983999864314960835e-14
1.213267628278090569e+03 7.022679572516731380e-14
1.213274078040926497e+03 7.061676105603901492e-14
1.213280527704969472e+03 7.101002350201538566e-14
1.213286977369013130e+03 7.140662231895299645e-14
1.213293426934549188e+03 7.180652690841851165e-14
1.213299876500085475e+03 7.220980899631488875e-14
1.213306325967396560e+03 7.261651833242461565e-14
1.213312775434707191e+03 7.302664535097331429e-14
1.213319224804073201e+03 7.344033885049935638e-14
1.213325674173438983e+03 7.385756075292349257e-14
1.213332123445138222e+03 7.427829679848944242e-14
1.213338572716837234e+03 7.470275139826621291e-14
1.213345021891145279e+03 7.513089464752072920e-14
1.213351471065453097e+03 7.556266765534215941e-14
1.213357920142643252e+03 7.599827562934340349e-14
1.213364369219833179e+03 7.643764754346975535e-14
1.213370818200176245e+03 7.688081023755181964e-14
1.213377267180519311e+03 7.732779319281117055e-14
1.213383716064284727e+03 7.777879329171269162e-14
1.213390164948049915e+03 7.823371466431096244e-14
1.213396613735503479e+03 7.869269970303815598e-14
1.213403062522957271e+03 7.915571775759973128e-14
1.213409511214363192e+03 7.962287084822622877e-14
1.213415959905769114e+03 8.009422227847107995e-14
1.213422408501388645e+03 8.056967134157069474e-14
1.213428857097008859e+03 8.104949420160108665e-14
1.213435305597102115e+03 8.153359011765872199e-14
1.213441754097194917e+03 8.202204912916141153e-14
1.213448202502017239e+03 8.251500595821397598e-14
1.213454650906839788e+03 8.301236255289527428e-14
1.213461099216646744e+03 8.351428672472396441e-14
1.213467547526453473e+03 8.402084373212352767e-14
1.213473995741496083e+03 8.453210999046481036e-14
1.213480443956538465e+03 8.504796173678198282e-14
1.213486892077065932e+03 8.556855643840213035e-14
1.213493340197593625e+03 8.609402953797835079e-14
1.213499788223852647e+03 8.662440472355917944e-14
1.213506236250111442e+03 8.715963506493659424e-14
1.213512684182346902e+03 8.769999925415442525e-14
1.213519132114581453e+03 8.824534643766155232e-14
1.213525579953034139e+03 8.879588482988828022e-14
1.213532027791486826e+03 8.935160803805264950e-14
1.213538475536395936e+03 8.991264680184629616e-14
1.213544923281304818e+03 9.047905967033236632e-14
1.213551370932907048e+03 9.105075900259531117e-14
1.213557818584509050e+03 9.162802038331939081e-14
1.213564266143037457e+03 9.221076842190989182e-14
1.213570713701566092e+03 9.279927774381549962e-14
1.213577161167252598e+03 9.339341915568986899e-14
1.213583608632938649e+03 9.399335300294202937e-14
1.213590056006011309e+03 9.459901773346877349e-14
1.213596503379083515e+03 9.521069795196671969e-14
1.213602950659768567e+03 9.582825888353966766e-14
1.213609397940452709e+03 9.645199108552278033e-14
1.213615845128972069e+03 9.708179326458935012e-14
1.213622292317491429e+03 9.771790650031471818e-14
1.213628739414066558e+03 9.836039895869863274e-14
1.213635186510640779e+03 9.900925383932726672e-14
1.213641633515487911e+03 9.966462421198551909e-14
1.213648080520335498e+03 1.003265380568869610e-13
1.213654527433670410e+03 1.009952025544033075e-13
1.213660974347005094e+03 1.016706004884214276e-13
1.213667421169039471e+03 1.023528895404990975e-13
1.213673867991073848e+03 1.030421882255901926e-13
1.213680314722016647e+03 1.037385884638943223e-13
1.213686761452959900e+03 1.044420744491045970e-13
1.213693208093017347e+03 1.051528288104699582e-13
1.213699654733075249e+03 1.058710117153935654e-13
1.213706101282451073e+03 1.065966417082300062e-13
1.213712547831827351e+03 1.073298564855553187e-13
1.213718994290722094e+03 1.080707774021582281e-13
1.213725440749617064e+03 1.088194407371398745e-13
1.213731887118228542e+03 1.095758664781803673e-13
1.213738333486839792e+03 1.103404540975680398e-13
1.213744779765362637e+03 1.111130542546909993e-13
1.213751226043885026e+03 1.118938860821341506e-13
1.213757672232510458e+03 1.126832321751604215e-13
1.213764118421136118e+03 1.134810291011455591e-13
1.213770564520053313e+03 1.142873051795344527e-13
1.213777010618970735e+03 1.151023628887656588e-13
1.213783456628365457e+03 1.159264132142787043e-13
1.213789902637760406e+03 1.167594356903048710e-13
1.213796348557815918e+03 1.176015687000316778e-13
1.213802794477871657e+03 1.184529621399089618e-13
1.213809240308767585e+03 1.193138247877342520e-13
1.213815686139662830e+03 1.201842758849950725e-13
1.213822131881575842e+03 1.210646261573716202e-13
1.213828577623488400e+03 1.219547437485604739e-13
1.213835023276591983e+03 1.228549726143909900e-13
1.213841468929694884e+03 1.237651611923638133e-13
1.213847914494159795e+03 1.246857868803997549e-13
1.213854360058624707e+03 1.256167970086185402e-13
1.213860805534618066e+03 1.265585383381606797e-13
1.213867251010611653e+03 1.275112368735992920e-13
1.213873696398298080e+03 1.284749305193082853e-13
1.213880141785984506e+03 1.294497518362309241e-13
1.213886587085525434e+03 1.304358571930594616e-13
1.213893032385066590e+03 1.314335570084514502e-13
1.213899477596619590e+03 1.324430976394108212e-13
1.213905922808172363e+03 1.334643475094143890e-13
1.213912367931892959e+03 1.344978203841601613e-13
1.213918813055613327e+03 1.355436091867974876e-13
1.213925258091652495e+03 1.366018001406263815e-13
1.213931703127691435e+03 1.376728899077054503e-13
1.213938148076197876e+03 1.387568026146582678e-13
1.213944593024704545e+03 1.398539979117350520e-13
1.213951037885823098e+03 1.409644056104673402e-13
1.213957482746941878e+03 1.420887035898141240e-13
1.213963927520814877e+03 1.432267208562886676e-13
1.213970372294687877e+03 1.443788387248158823e-13
1.213976816981453794e+03 1.455451354111741144e-13
1.213983261668219484e+03 1.467260034298366411e-13
1.213989706268013379e+03 1.479218600419635461e-13
1.213996150867807273e+03 1.491324219522025238e-13
1.214002595380761022e+03 1.503588632379778139e-13
1.214009039893714771e+03 1.516006455376942664e-13
1.214015484319957068e+03 1.528586926104363206e-13
1.214021928746199592e+03 1.541326928518204525e-13
1.214028373085855492e+03 1.554228922956908838e-13
1.214034817425511392e+03 1.567301163069404104e-13
1.214041261678703449e+03 1.580545255730131175e-13
1.214047705931895052e+03 1.593961243145013476e-13
1.214054150098740593e+03 1.607556910054415632e-13
1.214060594265585905e+03 1.621332765211630676e-13
1.214067038346200661e+03 1.635295974896200908e-13
1.214073482426814962e+03 1.649443228018280810e-13
1.214079926421309438e+03 1.663780741586962210e-13
1.214086370415804367e+03 1.678312948499444973e-13
1.214092814324287247e+03 1.693042901458836742e-13
1.214099258232770580e+03 1.707977902492012567e-13
1.214105702055346001e+03 1.723119392334933469e-13
1.214112145877921421e+03 1.738471115240567912e-13
1.214118589614691246e+03 1.754038809411328683e-13
1.214125033351460615e+03 1.769826076075977445e-13
1.214131477002521478e+03 1.785832017038856218e-13
1.214137920653582569e+03 1.802066026257291804e-13
1.214144364219027921e+03 1.818536650514559634e-13
1.214150807784473500e+03 1.835243048803532123e-13
1.214157251264394745e+03 1.852192105427774960e-13
1.214163694744315990e+03 1.869385682972181407e-13
1.214170138138799530e+03 1.886831906197703534e-13
1.214176581533282842e+03 1.904534523473167469e-13
1.214183024842411214e+03 1.922501081322207814e-13
1.214189468151539359e+03 1.940737688372669030e-13
1.214195911375392370e+03 1.959243216420691737e-13
1.214202354599245382e+03 1.978033642907890743e-13
1.214208797737898749e+03 1.997108694267699915e-13
1.214215240876551889e+03 2.016479157012845282e-13
1.214221683930077234e+03 2.036153015763316813e-13
1.214228126983602351e+03 2.056124455783375597e-13
1.214234569952068568e+03 2.076408279657751388e-13
1.214241012920534558e+03 2.097014716629588805e-13
1.214247455804006222e+03 2.117947105008109301e-13
1.214253898687477658e+03 2.139211516584467610e-13
1.214260341486015477e+03 2.160813947837236795e-13
1.214266784284553296e+03 2.182767187409650349e-13
1.214273226998214568e+03 2.205082643955332887e-13
1.214279669711875385e+03 2.227763223626099789e-13
1.214286112340713089e+03 2.250813825387475719e-13
1.214292554969550793e+03 2.274248724775749638e-13
1.214298997513614722e+03 2.298080838778558307e-13
1.214305440057678652e+03 2.322315639254855945e-13
1.214311882517014510e+03 2.346960624653392931e-13
1.214318324976350596e+03 2.372025369438863224e-13
1.214324767350999991e+03 2.397526387055864816e-13
1.214331209725649614e+03 2.423464552469739324e-13
1.214337652015650747e+03 2.449865112890237950e-13
1.214344094305652106e+03 2.476731871483357707e-13
1.214350536511038854e+03 2.504075547326347005e-13
1.214356978716425829e+03 2.531911584059027980e-13
1.214363420837228659e+03 2.560251080704807135e-13
1.214369862958031490e+03 2.589103238962088984e-13
1.214376304994277007e+03 2.618477179698168534e-13
1.214382747030522523e+03 2.648391373904466500e-13
1.214389188982232099e+03 2.678871386605523183e-13
1.214395630933941447e+03 2.709922799513556134e-13
1.214402072801133954e+03 2.741571600806165070e-13
1.214408514668326234e+03 2.773813445757739347e-13
1.214414956451015769e+03 2.806677290001457343e-13
1.214421398233705531e+03 2.840176654074218639e-13
1.214427839931902781e+03 2.874325313153276947e-13
1.214434281630099804e+03 2.909166512124824639e-13
1.214440723243810453e+03 2.944704548353848042e-13
1.214447164857521102e+03 2.980949426687963526e-13
1.214453606386748106e+03 3.017922821796621751e-13
1.214460047915975110e+03 3.055650590021512722e-13
1.214466489360715968e+03 3.094147138247525565e-13
1.214472930805456599e+03 3.133462197060205674e-13
1.214479372165705627e+03 3.173594714803080958e-13
1.214485813525954654e+03 3.214576179682371406e-13
1.214492254801701620e+03 3.256434782361124618e-13
1.214498696077448813e+03 3.299185292320499131e-13
1.214505137268679846e+03 3.342868831136445837e-13
1.214511578459911107e+03 3.387504616573671648e-13
1.214518019566607563e+03 3.433123010886743895e-13
1.214524460673304247e+03 3.479753149789573705e-13
1.214530901695443617e+03 3.527447881715657012e-13
1.214537342717583442e+03 3.576214020095716292e-13
1.214543783655139578e+03 3.626097634345531101e-13
1.214550224592695258e+03 3.677146070641002018e-13
1.214556665445636781e+03 3.729364004912097928e-13
1.214563106298578532e+03 3.782803968497258120e-13
1.214569547066869518e+03 3.837538610423225879e-13
1.214575987835160959e+03 3.893567824937360552e-13
1.214582428518763209e+03 3.950942282063220960e-13
1.214588869202365458e+03 4.009724277891139773e-13
1.214595309801234407e+03 4.069945392597276062e-13
1.214601750400104038e+03 4.131667874336370916e-13
1.214608190914192392e+03 4.194905995047268258e-13
1.214614631428280745e+03 4.259735257860133992e-13
1.214621071857535753e+03 4.326229963477354600e-13
1.214627512286790761e+03 4.394431156189256194e-13
1.214633952631155807e+03 4.464399840840781503e-13
1.214640392975520854e+03 4.536160694946989746e-13
1.214646833234935002e+03 4.609833332622368228e-13
1.214653273494349150e+03 4.685461742811118608e-13
1.214659713668746463e+03 4.763092345966500520e-13
1.214666153843144230e+03 4.842848787093824244e-13
1.214672593932455811e+03 4.924762432236482653e-13
1.214679034021767393e+03 5.008906879427564931e-13
1.214685474025918438e+03 5.095399288421077598e-13
1.214691914030069483e+03 5.184304013130467053e-13
1.214698353948981094e+03 5.275678753638812426e-13
1.214704793867893159e+03 5.369661948938012657e-13
1.214711233701482570e+03 5.466317856770015545e-13
1.214717673535071526e+03 5.565746490539567835e-13
1.214724113283251427e+03 5.668060702885059951e-13
1.214730553031430873e+03 5.773347471410716898e-13
1.214736992694108721e+03 5.881731175426453704e-13
1.214743432356786116e+03 5.993325250835749034e-13
1.214749871933865052e+03 6.108253588271529694e-13
1.214756311510944215e+03 6.226627642953872131e-13
1.214762751002323512e+03 6.348598202396758249e-13
1.214769190493702581e+03 6.474267398579056332e-13
1.214775629899275827e+03 6.603783513952584254e-13
1.214782069304849301e+03 6.737272441969309984e-13
1.214788508624506903e+03 6.874898060284351706e-13
1.214794947944164505e+03 7.016820336739857950e-13
1.214801387177791185e+03 7.163222332869921329e-13
1.214807826411418091e+03 7.314176938975566307e-13
1.214814265558894476e+03 7.469951593967565872e-13
1.214820704706370634e+03 7.630670138720482695e-13
1.214827143767572579e+03 7.796548290780859181e-13
1.214833582828774070e+03 7.967788717854941693e-13
1.214840021803572199e+03 8.144564195922711028e-13
1.214846460778370556e+03 8.327025024150702270e-13
1.214852899666631401e+03 8.515457359484907926e-13
1.214859338554892474e+03 8.710053325360940674e-13
1.214865777356478247e+03 8.911081781713731921e-13
1.214872216158064248e+03 9.118781414819568780e-13
1.214878654872831476e+03 9.333239007822868137e-13
1.214885093587599386e+03 9.554776443778883843e-13
1.214891532215400730e+03 9.783682024346804922e-13
1.214897970843202529e+03 1.002021438355503498e-12
1.214904409383885195e+03 1.026468819539733415e-12
1.214910847924568088e+03 1.051725641291787960e-12
1.214917286377974960e+03 1.077828305400002950e-12
1.214923724831382515e+03 1.104808933228622289e-12
1.214930163197351476e+03 1.132692862173129897e-12
1.214936601563320664e+03 1.161508056851808686e-12
1.214943039841684822e+03 1.191288311933817591e-12
1.214949478120049207e+03 1.222068190482148299e-12
1.214955916310637122e+03 1.253880750303107707e-12
1.214962354501224809e+03 1.286754795442021859e-12
1.214968792603859583e+03 1.320718253868970758e-12
1.214975230706493903e+03 1.355820255815979907e-12
1.214981668720993412e+03 1.392081943717156500e-12
1.214988106735493375e+03 1.429550637130247506e-12
1.214994544661672080e+03 1.468257950710602343e-12
1.215000982587851013e+03 1.508224395035379825e-12
1.215007420425517012e+03 1.549512760752125267e-12
1.215013858263183010e+03 1.592150565470884963e-12
1.215020296012140534e+03 1.636169705807766259e-12
1.215026733761097603e+03 1.681606501046510642e-12
1.215033171421144743e+03 1.728496305538625929e-12
1.215039609081192111e+03 1.776883851631138572e-12
1.215046046652122413e+03 1.826806999260350538e-12
1.215052484223053398e+03 1.878304566293189768e-12
1.215058921704656768e+03 1.931416118597094618e-12
1.215065359186259911e+03 1.986164997361670832e-12
1.215071796578318981e+03 2.042597582992743351e-12
1.215078233970378051e+03 2.100734648569702065e-12
1.215084671272672040e+03 2.160630353939763972e-12
1.215091108574966029e+03 2.222305567306128489e-12
1.215097545787268245e+03 2.285789693728494639e-12
1.215103982999570235e+03 2.351118985463499511e-12
1.215110420121649213e+03 2.418332572985596426e-12
1.215116857243728191e+03 2.487436722696403654e-12
1.215123294275347234e+03 2.558481803140498681e-12
1.215129731306966505e+03 2.631481963746220227e-12
1.215136168247883461e+03 2.706464907830054280e-12
1.215142605188800871e+03 2.783441271672762549e-12
1.215149042038770403e+03 2.862426690809241516e-12
1.215155478888739253e+03 2.943471810684210534e-12
1.215161915647507385e+03 3.026543805770056442e-12
1.215168352406275972e+03 3.111686649171846528e-12
1.215174789073586453e+03 3.198883711818275462e-12
1.215181225740897162e+03 3.288132628096385375e-12
1.215187662316487376e+03 3.379459638175424488e-12
1.215194098892077591e+03 3.472846077607666531e-12
1.215200535375679465e+03 3.568272079277518249e-12
1.215206971859281794e+03 3.665802758565218522e-12
1.215213408250623388e+03 3.765352677797844147e-12
1.215219844641964528e+03 3.866918331889814401e-12
1.215226280940766401e+03 3.970451002239224449e-12
1.215232717239568501e+03 4.075978165188571165e-12
1.215239153445547799e+03 4.183394375804299164e-12
1.215245589651526871e+03 4.292693754443238326e-12
1.215252025764394602e+03 4.403883683398630637e-12
1.215258461877262562e+03 4.516871422219776019e-12
1.215264897896724506e+03 4.631631513232200033e-12
1.215271333916186677e+03 4.748080361165080243e-12
1.215277769841943609e+03 4.866139936094293859e-12
1.215284205767700541e+03 4.985792636566412185e-12
1.215290641599447099e+03 5.106959770810392551e-12
1.215297077431193429e+03 5.229487070060344451e-12
1.215303513168619929e+03 5.353413403310075353e-12
1.215309948906046202e+03 5.478539239247790390e-12
1.215316384548836595e+03 5.604897663733540299e-12
1.215322820191626761e+03 5.732303209675173722e-12
1.215329255739459768e+03 5.860714798825457167e-12
1.215335691287292775e+03 5.989944256591262948e-12
1.215342126739842115e+03 6.119920344705822581e-12
1.215348562192391000e+03 6.250564904220607465e-12
1.215354997549324480e+03 6.381720349297304611e-12
1.215361432906257278e+03 6.513210251946482416e-12
1.215367868167237248e+03 6.644899311001692068e-12
1.215374303428217445e+03 6.776756348105740855e-12
1.215380738592901025e+03 6.908620982872732534e-12
1.215387173757584605e+03 7.040307795175613531e-12
1.215393608825622778e+03 7.171665383660454625e-12
1.215400043893661177e+03 7.302564886785236312e-12
1.215406478864700375e+03 7.432772962161104484e-12
1.215412913835740028e+03 7.562236404281043612e-12
1.215419348709420547e+03 7.690884226126258564e-12
1.215425783583100838e+03 7.818429345315136450e-12
1.215432218359056606e+03 7.944795302933492187e-12
1.215438653135012828e+03 8.069689437835547550e-12
1.215445087812873908e+03 8.192985718107504788e-12
1.215451522490735215e+03 8.314684327401034244e-12
1.215457957070124621e+03 8.434423075742607937e-12
1.215464391649514027e+03 8.552090304996402267e-12
1.215470826130049772e+03 8.667476314652287635e-12
1.215477260610585063e+03 8.780552751379472461e-12
1.215483694991878792e+03 8.891103141602292533e-12
1.215490129373172522e+03 8.998944015017970417e-12
1.215496563654830879e+03 9.103924324719177755e-12
1.215502997936489010e+03 9.205962965163830329e-12
1.215509432118112727e+03 9.304715769257508970e-12
1.215515866299736444e+03 9.400083748848358814e-12
1.215522300380920569e+03 9.492008548161707848e-12
1.215528734462104467e+03 9.580401898067927564e-12
1.215535168442438135e+03 9.665092055813636522e-12
1.215541602422771348e+03 9.745823668898267344e-12
1.215548036301838238e+03 9.822555748457561877e-12
1.215554470180904900e+03 9.895179790493960161e-12
1.215560903958282097e+03 9.963527625464778870e-12
1.215567337735659066e+03 1.002756115711448755e-11
1.215573771410919107e+03 1.008709801355195621e-11
1.215580205086178694e+03 1.014218964529389063e-11
1.215586638658886613e+03 1.019254986402158959e-11
1.215593072231594988e+03 1.023812169060782113e-11
1.215599505701311955e+03 1.027892199521477665e-11
1.215605939171028695e+03 1.031477787225748973e-11
1.215612372537308602e+03 1.034574491865796133e-11
1.215618805903588054e+03 1.037173117250469553e-11
1.215625239165979110e+03 1.039269893433981637e-11
1.215631672428370621e+03 1.040862811697152874e-11
1.215638105586415350e+03 1.041939248180119402e-11
1.215644538744460078e+03 1.042507539586330733e-11
1.215650971797695092e+03 1.042564426225377526e-11
1.215657404850930561e+03 1.042097869866242870e-11
1.215663837798885879e+03 1.041124704648438102e-11
1.215670270746842107e+03 1.039646740964037376e-11
1.215676703589044109e+03 1.037652790516894786e-11
1.215683136431245657e+03 1.035156176400143922e-11
1.215689569167210720e+03 1.032166304798325613e-11
1.215696001903176239e+03 1.028680070359679189e-11
1.215702434532418920e+03 1.024700752105737989e-11
1.215708867161661601e+03 1.020236219552634493e-11
1.215715299683686681e+03 1.015305125710146244e-11
1.215721732205712215e+03 1.009906139805454752e-11
1.215728164620021516e+03 1.004044624713971683e-11
1.215734597034331046e+03 9.977378901970373111e-12
1.215741029340418663e+03 9.909917315191702166e-12
1.215747461646506054e+03 9.838255505809919069e-12
1.215753893843860396e+03 9.762384848205372513e-12
1.215760326041214739e+03 9.682487315415095891e-12
1.215766758129317395e+03 9.598688527852108376e-12
1.215773190217420506e+03 9.511091414194026337e-12
1.215779622195748061e+03 9.419907480470002161e-12
1.215786054174075844e+03 9.325185431079259258e-12
1.215792486042098517e+03 9.227135442333849217e-12
1.215798917910121418e+03 9.125897416811919504e-12
1.215805349667302153e+03 9.021604547622626829e-12
1.215811781424483115e+03 8.914391464435293633e-12
1.215818213032802760e+03 8.804445387314626597e-12
1.215824644641122404e+03 8.691883481562280984e-12
1.215831076174456484e+03 8.576946290886023042e-12
1.215837507707790564e+03 8.459805155169133744e-12
1.215843939128631973e+03 8.340570958703100455e-12
1.215850370549473155e+03 8.219418362891571462e-12
1.215856801857259597e+03 8.096500268009606342e-12
1.215863233165046495e+03 7.971984521600357468e-12
1.215869664359212038e+03 7.846101512516820206e-12
1.215876095553377581e+03 7.718876359520072799e-12
1.215882526633347425e+03 7.590619332518012989e-12
1.215888957713317495e+03 7.461379393716911274e-12
1.215895388678512063e+03 7.331348994324505897e-12
1.215901819643706403e+03 7.200669320044442807e-12
1.215908250493539981e+03 7.069490597550744402e-12
1.215914681343372877e+03 6.938021293822577117e-12
1.215921112077251337e+03 6.806325336952051685e-12
1.215927542811129342e+03 6.674557268961612455e-12
1.215933973428454465e+03 6.542877739022534154e-12
1.215940404045779587e+03 6.411426173106887802e-12
1.215946834545945421e+03 6.280306113780161460e-12
1.215953265046111255e+03 6.149695413922526204e-12
1.215959695428505938e+03 6.019669291334441702e-12
1.215966125810900621e+03 5.890385720009464937e-12
1.215972556074906379e+03 5.761892910098596801e-12
1.215978986338912136e+03 5.634381079755536349e-12
1.215985416483903236e+03 5.507878014750815615e-12
1.215991846628894564e+03 5.382494979418200321e-12
1.215998276654240726e+03 5.258409401855799964e-12
1.216004706679586889e+03 5.135601827691000581e-12
1.216011136584649194e+03 5.014173577124250172e-12
1.216017566489711498e+03 4.894203539620411977e-12
1.216023996273847160e+03 4.775847021595888025e-12
1.216030426057982595e+03 4.659095064176230404e-12
1.216036855720539506e+03 4.544025492464641703e-12
1.216043285383096418e+03 4.430699328707216010e-12
1.216049714923417923e+03 4.319188349671970535e-12
1.216056144463739429e+03 4.209494394495598290e-12
1.216062573881161143e+03 4.101734872361371110e-12
1.216069003298582402e+03 3.995873639278774860e-12
1.216075432592434481e+03 3.891957930483941618e-12
1.216081861886286561e+03 3.790015063838106830e-12
1.216088291055890977e+03 3.690065635236278237e-12
1.216094720225495394e+03 3.592168491172487207e-12
1.216101149270169117e+03 3.496299227174327759e-12
1.216107578314842613e+03 3.402497767493541948e-12
1.216114007233894426e+03 3.310764869535624990e-12
1.216120436152946468e+03 3.221091180558170486e-12
1.216126864945680154e+03 3.133488180379805360e-12
1.216133293738413613e+03 3.047939833008666499e-12
1.216139722404124996e+03 2.964453076519619757e-12
1.216146151069836378e+03 2.882982998069573723e-12
1.216152579607814459e+03 2.803589048810112027e-12
1.216159008145792995e+03 2.726190732171984817e-12
1.216165436555321776e+03 2.650805970668804552e-12
1.216171864964850556e+03 2.577403019309499463e-12
1.216178293245204713e+03 2.505930805005275201e-12
1.216184721525558871e+03 2.436385569156602032e-12
1.216191149676008990e+03 2.368765104113523356e-12
1.216197577826458655e+03 2.303018707612174493e-12
1.216204005846266227e+03 2.239143137835368306e-12
1.216210433866073799e+03 2.177066665428932472e-12
1.216216861754494403e+03 2.116785629661908152e-12
1.216223289642915461e+03 2.058256190877031874e-12
1.216229717399198535e+03 2.001460602842801438e-12
1.216236145155481609e+03 1.946343694093325874e-12
1.216242572778868634e+03 1.892874758752176430e-12
1.216249000402256115e+03 1.841019466708684312e-12
1.216255427891982663e+03 1.790738935122475613e-12
1.216261855381709211e+03 1.741988402330614917e-12
1.216268282737003119e+03 1.694742148266640942e-12
1.216274710092297255e+03 1.648958991978479322e-12
1.216281137312379997e+03 1.604619914811439327e-12
1.216287564532462738e+03 1.561667793032118994e-12
1.216293991616548738e+03 1.520063460912729935e-12
1.216300418700634964e+03 1.479780590855096584e-12
1.216306845647931596e+03 1.440780550233067791e-12
1.216313272595228000e+03 1.403024382458273907e-12
1.216319699404935818e+03 1.366476488013530366e-12
1.216326126214643637e+03 1.331098847850776555e-12
1.216332552885955920e+03 1.296859172260638444e-12
1.216338979557267976e+03 1.263728809086360947e-12
1.216345406089371181e+03 1.231668172727799378e-12
1.216351832621474387e+03 1.200639445727644556e-12
1.216358259013547922e+03 1.170612608891280074e-12
1.216364685405621913e+03 1.141558530673006783e-12
1.216371111656838593e+03 1.113442984094722850e-12
1.216377537908055047e+03 1.086238034324707379e-12
1.216383964017579501e+03 1.059910854939229693e-12
1.216390390127104411e+03 1.034431788817640643e-12
1.216396816094095811e+03 1.009780068889837956e-12
1.216403242061086758e+03 9.859181312749299586e-13
1.216409667884695409e+03 9.628272941153552366e-13
1.216416093708304516e+03 9.404809386842621068e-13
1.216422519387674583e+03 9.188518138092935265e-13
1.216428945067044424e+03 8.979116748961258409e-13
1.216435370601313025e+03 8.776368979018858730e-13
1.216441796135581626e+03 8.580068829709336268e-13
1.216448221523877919e+03 8.389988857460861175e-13
1.216454646912174667e+03 8.205896839196075477e-13
1.216461072153621899e+03 8.027580003112729123e-13
1.216467497395069358e+03 7.854881746256831780e-13
1.216473922488782591e+03 7.687573598287276887e-13
1.216480347582495597e+03 7.525419188082774988e-13
1.216486772527582616e+03 7.368275101277934049e-13
1.216493197472669635e+03 7.215933894275593264e-13
1.216499622268231178e+03 7.068279852975856533e-13
1.216506047063792948e+03 6.925113265073385572e-13
1.216512471708923385e+03 6.786275467800782023e-13
1.216518896354053595e+03 6.651599907481655571e-13
1.216525320847838657e+03 6.520953607246453006e-13
1.216531745341623491e+03 6.394214144144604777e-13
1.216538169683141859e+03 6.271205794413553431e-13
1.216544594024660455e+03 6.151832413258695298e-13
1.216551018212984218e+03 6.035903946670529793e-13
1.216557442401307981e+03 5.923340420948482209e-13
1.216563866435501268e+03 5.813987895704106906e-13
1.216570290469694555e+03 5.707821363188054111e-13
1.216576714348814676e+03 5.604652794109223730e-13
1.216583138227934796e+03 5.504379768318255630e-13
1.216589561951030419e+03 5.406916422622339106e-13
1.216595985674126496e+03 5.312156093504143203e-13
1.216602409240240377e+03 5.220015863582116668e-13
1.216608832806354940e+03 5.130382889489256128e-13
1.216615256214521878e+03 5.043201373100017977e-13
1.216621679622689499e+03 4.958321496466670021e-13
1.216628102871937017e+03 4.875739092323587482e-13
1.216634526121184535e+03 4.795347483438598044e-13
1.216640949210532426e+03 4.717074085865790751e-13
1.216647372299880544e+03 4.640831475988303693e-13
1.216653795228340414e+03 4.566564349711251532e-13
1.216660218156801193e+03 4.494197826941482393e-13
1.216666640923378509e+03 4.423669434184581597e-13
1.216673063689956052e+03 4.354912263724271799e-13
1.216679486293648552e+03 4.287898346065170582e-13
1.216685908897340596e+03 4.222533339021933759e-13
1.216692331337137375e+03 4.158786501535520849e-13
1.216698753776934609e+03 4.096601059521241068e-13
1.216705176051818171e+03 4.035917173360988587e-13
1.216711598326701505e+03 3.976683101095253216e-13
1.216718020435646849e+03 3.918854574934237246e-13
1.216724442544592193e+03 3.862390847957441813e-13
1.216730864486565451e+03 3.807251552581753219e-13
1.216737286428539164e+03 3.753393633370697018e-13
1.216743708202500557e+03 3.700771812045617258e-13
1.216750129976461949e+03 3.649346415642076903e-13
1.216756551581363055e+03 3.599096530782390315e-13
1.216762973186264389e+03 3.549959983974542542e-13
1.216769394621049514e+03 3.501911835526065461e-13
1.216775816055834866e+03 3.454916253333344039e-13
1.216782237319439901e+03 3.408941031561829726e-13
1.216788658583045390e+03 3.363985012473213198e-13
1.216795079674400540e+03 3.319978873815267652e-13
1.216801500765755009e+03 3.276910433759944935e-13
1.216807921683779341e+03 3.234751788197622890e-13
1.216814342601804128e+03 3.193475444430719293e-13
1.216820763345412388e+03 3.153058681001531324e-13
1.216827184089020648e+03 3.113468701701956944e-13
1.216833604657117803e+03 3.074693525287332690e-13
1.216840025225215413e+03 3.036705630976453931e-13
1.216846445616699611e+03 2.999471753526295934e-13
1.216852866008183355e+03 2.962980881786572804e-13
1.216859286221944785e+03 2.927203184009088505e-13
1.216865706435705988e+03 2.892127465606906603e-13
1.216872126470626199e+03 2.857731406476165523e-13
1.216878546505546637e+03 2.823998060496101223e-13
1.216884966360499675e+03 2.790914292902612961e-13
1.216891386215452940e+03 2.758461224275980626e-13
1.216897805889306483e+03 2.726613748879302117e-13
1.216904225563159798e+03 2.695360971165827823e-13
1.216910645054771976e+03 2.664684838871546414e-13
1.216917064546383926e+03 2.634563075543108082e-13
1.216923483854605365e+03 2.604996502857577322e-13
1.216929903162826577e+03 2.575956537946965592e-13
1.216936322286499490e+03 2.547440119431467745e-13
1.216942741410172630e+03 2.519438304077336155e-13
1.216949160348133319e+03 2.491923960625347021e-13
1.216955579286093553e+03 2.464894251676434327e-13
1.216961998037167405e+03 2.438334131540426661e-13
1.216968416788241484e+03 2.412235496272432401e-13
1.216974835351248885e+03 2.386575255364568689e-13
1.216981253914255603e+03 2.361362121993636966e-13
1.216987672288006479e+03 2.336571029373725057e-13
1.216994090661757582e+03 2.312188144462085786e-13
1.217000508845055037e+03 2.288213955504769704e-13
1.217006927028352720e+03 2.264638457036847630e-13
1.217013345019992585e+03 2.241445288653326369e-13
1.217019763011631767e+03 2.218633393562517928e-13
1.217026180810399410e+03 2.196187480590907815e-13
1.217032598609167508e+03 2.174106312588504796e-13
1.217039016213843297e+03 2.152369934700627301e-13
1.217045433818518632e+03 2.130984040524119744e-13
1.217051851227872476e+03 2.109931489271688775e-13
1.217058268637226547e+03 2.089210608224228027e-13
1.217064685850020851e+03 2.068806237692610496e-13
1.217071103062815155e+03 2.048716104535717357e-13
1.217077520077804820e+03 2.028937876597910310e-13
1.217083937092794713e+03 2.009458030427872062e-13
1.217090353908726229e+03 1.990278412290420806e-13
1.217096770724657517e+03 1.971378583855716083e-13
1.217103187340268732e+03 1.952761912980337324e-13
1.217109603955880175e+03 1.934423870947341797e-13
1.217116020369900980e+03 1.916357362722808971e-13
1.217122436783922240e+03 1.898553079735844662e-13
1.217128852995075249e+03 1.881006893290744471e-13
1.217135269206228031e+03 1.863716685031152099e-13
1.217141685213226083e+03 1.846670890193193399e-13
1.217148101220223907e+03 1.829872928179900610e-13
1.217154517021772790e+03 1.813317549634469515e-13
1.217160932823321218e+03 1.796992935375773559e-13
1.217167348418117626e+03 1.780893223288668065e-13
1.217173764012913580e+03 1.765020731984301269e-13
1.217180179399645567e+03 1.749370325744183088e-13
1.217186594786378009e+03 1.733936133667984659e-13
1.217193009963727491e+03 1.718713181312966522e-13
1.217199425141076745e+03 1.703694413148225768e-13
1.217205840107715403e+03 1.688884836299473897e-13
1.217212255074353379e+03 1.674274438578602706e-13
1.217218669828944712e+03 1.659858137145272594e-13
1.217225084583536045e+03 1.645634668956295074e-13
1.217231499124735592e+03 1.631600724312182508e-13
1.217237913665935139e+03 1.617751344127263947e-13
1.217244327992390026e+03 1.604084035860932453e-13
1.217250742318845141e+03 1.590596504998914426e-13
1.217257156429194083e+03 1.577284219279293337e-13
1.217263570539542570e+03 1.564144289244299687e-13
1.217269984432415413e+03 1.551173950204557516e-13
1.217276398325288937e+03 1.538368714875491266e-13
1.217282811999308478e+03 1.525726464939930200e-13
1.217289225673327564e+03 1.513245468471500848e-13
1.217295639127106369e+03 1.500921527204224491e-13
1.217302052580885402e+03 1.488750957193584210e-13
1.217308465813028533e+03 1.476732668154308724e-13
1.217314879045171438e+03 1.464863704583543883e-13
1.217321292054275546e+03 1.453141035592471625e-13
1.217327705063379426e+03 1.441562834977582385e-13
1.217334117848032065e+03 1.430127894363644151e-13
1.217340530632684477e+03 1.418829973644819925e-13
1.217346943191464788e+03 1.407669193217102964e-13
1.217353355750245100e+03 1.396642685889610998e-13
1.217359768081724496e+03 1.385750460027618937e-13
1.217366180413203438e+03 1.374987979740495777e-13
1.217372592515943779e+03 1.364353349199803078e-13
1.217379004618683439e+03 1.353843769843881655e-13
1.217385416491238175e+03 1.343459118908573269e-13
1.217391828363793138e+03 1.333194142724464027e-13
1.217398240004707077e+03 1.323050419199090250e-13
1.217404651645621470e+03 1.313024462584523222e-13
1.217411063053431917e+03 1.303113941200242311e-13
1.217417474461242136e+03 1.293317689469353778e-13
1.217423885634475482e+03 1.283635734922514536e-13
1.217430296807709283e+03 1.274063360618464048e-13
1.217436707744885780e+03 1.264599199527368694e-13
1.217443118682062504e+03 1.255244066274278605e-13
1.217449529381691491e+03 1.245993641806469083e-13
1.217455940081321614e+03 1.236847139397802579e-13
1.217462350541905835e+03 1.227801344913233437e-13
1.217468761002490055e+03 1.218856972612528691e-13
1.217475171222521567e+03 1.210012583390574179e-13
1.217481581442553306e+03 1.201265926747451416e-13
1.217487991420516892e+03 1.192615672850313895e-13
1.217494401398480477e+03 1.184059852751457041e-13
1.217500811132850913e+03 1.175596486050846564e-13
1.217507220867221122e+03 1.167227176457257323e-13
1.217513630356466138e+03 1.158947053478127402e-13
1.217520039845710244e+03 1.150755989621705641e-13
1.217526449088286427e+03 1.142652569507695171e-13
1.217532858330862382e+03 1.134637345032591660e-13
1.217539267325219043e+03 1.126706341272989392e-13
1.217545676319575477e+03 1.118859950824453286e-13
1.217552085064152607e+03 1.111097176928748218e-13
1.217558493808729509e+03 1.103415949127925217e-13
1.217564902301959137e+03 1.095814912627039358e-13
1.217571310795188083e+03 1.088294964856207579e-13
1.217577719035491555e+03 1.080851768647268772e-13
1.217584127275794572e+03 1.073486139572064811e-13
1.217590535261586410e+03 1.066196320908532061e-13
1.217596943247377567e+03 1.058981976593686286e-13
1.217603350977060927e+03 1.051842168374611846e-13
1.217609758706744515e+03 1.044773949934238115e-13
1.217616166178715957e+03 1.037777249214338335e-13
1.217622573650687627e+03 1.030853197853729120e-13
1.217628980863333481e+03 1.023998320900722294e-13
1.217635388075979790e+03 1.017212046166886478e-13
1.217641795027678199e+03 1.010494187016919517e-13
1.217648201979376609e+03 1.003844334894945664e-13
1.217654608668496167e+03 9.972603807699561537e-14
1.217661015357615497e+03 9.907419353313360330e-14
1.217667421782515476e+03 9.842870771224023635e-14
1.217673828207415454e+03 9.778963546178859855e-14
1.217680234366446712e+03 9.715685394268342189e-14
1.217686640525478197e+03 9.653026712036766827e-14
1.217693046416982497e+03 9.590978263243573877e-14
1.217699452308486570e+03 9.529527085769495267e-14
1.217705857930795446e+03 9.468671471245723685e-14
1.217712263553105004e+03 9.408406341731595955e-14
1.217718668904542938e+03 9.348725789378094175e-14
1.217725074255980644e+03 9.289610202983000697e-14
1.217731479334861433e+03 9.231068226216693167e-14
1.217737884413742449e+03 9.173077887490386013e-14
1.217744289218371250e+03 9.115636250488987261e-14
1.217750694023000051e+03 9.058735514076793570e-14
1.217757098551672925e+03 9.002376513906519822e-14
1.217763503080345799e+03 8.946551180980917911e-14
1.217769907331349486e+03 8.891248154545650793e-14
1.217776311582353628e+03 8.836452389875978254e-14
1.217782715553965318e+03 8.782177539104924398e-14
1.217789119525577462e+03 8.728405215029538030e-14
1.217795523216066385e+03 8.675122539304621932e-14
1.217801926906555082e+03 8.622339425589455512e-14
1.217808330314180239e+03 8.570036052437567419e-14
1.217814733721805169e+03 8.518204019949000612e-14
1.217821136844816010e+03 8.466845313121596883e-14
1.217827539967827079e+03 8.415960155027826162e-14
1.217833942804464641e+03 8.365532892494667091e-14
1.217840345641101521e+03 8.315561949234044360e-14
1.217846748189597065e+03 8.266033458494067790e-14
1.217853150738092609e+03 8.216962648239336243e-14
1.217859552996667389e+03 8.168332821241481437e-14
1.217865955255242397e+03 8.120140231652947630e-14
1.217872357222110395e+03 8.072369431142481655e-14
1.217878759188978393e+03 8.025021843352033808e-14
1.217885160862342445e+03 7.978091724905847795e-14
1.217891562535706498e+03 7.931582471017754955e-14
1.217897963913760577e+03 7.885477018889784219e-14
1.217904365291814202e+03 7.839773961687718273e-14
1.217910766372743183e+03 7.794474422196466887e-14
1.217917167453671937e+03 7.749576553410077178e-14
1.217923568235650464e+03 7.705059520273552095e-14
1.217929969017628991e+03 7.660932648977320033e-14
1.217936369498823296e+03 7.617187041590827915e-14
1.217942769980017601e+03 7.573815090129211878e-14
1.217949170158583911e+03 7.530809929630852979e-14
1.217955570337150220e+03 7.488171746539927519e-14
1.217961970211235439e+03 7.445904205260035013e-14
1.217968370085320430e+03 7.403989289176035065e-14
1.217974769653061912e+03 7.362435456761751039e-14
1.217981169220803622e+03 7.321238724738932059e-14
1.217987568480329173e+03 7.280379646150689244e-14
1.217993967739854725e+03 7.239871929194306667e-14
1.218000366689283055e+03 7.199700782431555666e-14
1.218006765638711613e+03 7.159863189453874995e-14
1.218013164276151429e+03 7.120361100975499280e-14
1.218019562913591471e+03 7.081190467852347435e-14
1.218025961237141928e+03 7.042339922876484557e-14
1.218032359560692385e+03 7.003814857293002604e-14
1.218038757568443543e+03 6.965605352463556803e-14
1.218045155576194702e+03 6.927709372531719573e-14
1.218051553266226392e+03 6.890122511427059367e-14
1.218057950956257855e+03 6.852844818213646038e-14
1.218064348326640811e+03 6.815867954412416904e-14
1.218070745697023540e+03 6.779196519895203328e-14
1.218077142745818492e+03 6.742818846100467818e-14
1.218083539794612989e+03 6.706733094465145459e-14
1.218089936519871117e+03 6.670938267196566429e-14
1.218096333245128790e+03 6.635433741634830077e-14
1.218102729644891269e+03 6.600214501733577529e-14
1.218109126044653522e+03 6.565278018767941992e-14
1.218115522116952889e+03 6.530623782596412957e-14
1.218121918189252483e+03 6.496239886875498863e-14
1.218128313932109904e+03 6.462126411235260534e-14
1.218134709674967780e+03 6.428280021217982225e-14
1.218141105086396692e+03 6.394703865753077200e-14
1.218147500497825376e+03 6.361392535744169875e-14
1.218153895575827846e+03 6.328343282202108057e-14
1.218160290653830543e+03 6.295553599485966851e-14
1.218166685396399771e+03 6.263016151034230073e-14
1.218173080138969226e+03 6.230731619690755048e-14
1.218179474544087952e+03 6.198694731638917231e-14
1.218185868949206906e+03 6.166914247894983722e-14
1.218192263014848777e+03 6.135383512381493365e-14
1.218198657080490648e+03 6.104088794316837990e-14
1.218205050804619532e+03 6.073034439177251985e-14
1.218211444528748416e+03 6.042218213926342916e-14
1.218217837909316586e+03 6.011639214590722696e-14
1.218224231289885211e+03 5.981290309259472675e-14
1.218230624324837436e+03 5.951170899956185267e-14
1.218237017359790116e+03 5.921282596249185081e-14
1.218243410047060024e+03 5.891618575832217031e-14
1.218249802734330387e+03 5.862180393969488814e-14
1.218256195071842512e+03 5.832968508534783550e-14
1.218262587409353955e+03 5.803969295036106922e-14
1.218268979395021461e+03 5.775190737312416272e-14
1.218275371380688966e+03 5.746629496462266645e-14
1.218281763012416604e+03 5.718281931675034065e-14
1.218288154644144242e+03 5.690141474884907258e-14
1.218294545919825396e+03 5.662213941963252888e-14
1.218300937195507004e+03 5.634485856389286342e-14
1.218307328113026415e+03 5.606967027541915155e-14
1.218313719030546054e+03 5.579643294282580192e-14
1.218320109587778006e+03 5.552529945915563022e-14
1.218326500145009959e+03 5.525619072765985253e-14
1.218332890339818505e+03 5.498927668241999672e-14
1.218339280534626823e+03 5.472471611847274856e-14
1.218345670364865555e+03 5.446287301915099562e-14
1.218352060195104514e+03 5.420412526742057861e-14
1.218358449658618383e+03 5.395020101811301151e-14
1.218364839122131798e+03 5.370667648775199520e-14
1.218371228216753934e+03 5.347893037577138032e-14
1.218372577101207071e+03 5.330645992323619344e-14
1.218379142584541569e+03 5.308002069178193001e-14
1.218385708067876067e+03 5.284007276845659349e-14
1.218392273384250529e+03 5.258998134045908552e-14
1.218398838700625220e+03 5.233834138714140605e-14
1.218405403849422555e+03 5.208706488315908528e-14
1.218411968998219891e+03 5.183667397334121163e-14
1.218418533978830510e+03 5.158760990459345711e-14
1.218425098959441129e+03 5.134017094496970026e-14
1.218431663771262492e+03 5.109437433720756297e-14
1.218438228583083855e+03 5.085032826012053165e-14
1.218444793225522972e+03 5.060802307572255098e-14
1.218451357867962088e+03 5.036744098258605099e-14
1.218457922340431196e+03 5.012862617029973847e-14
1.218464486812900532e+03 4.989149097306868539e-14
1.218471051114821876e+03 4.965605972369828343e-14
1.218477615416743220e+03 4.942228395111616222e-14
1.218484179547545409e+03 4.919017746192894733e-14
1.218490743678347826e+03 4.895969393880490914e-14
1.218497307637467884e+03 4.873085464406649136e-14
1.218503871596588397e+03 4.850361179666914662e-14
1.218510435383470394e+03 4.827794375452181050e-14
1.218516999170352392e+03 4.805384173855262362e-14
1.218523562821577798e+03 4.783132758003951304e-14
1.218530126472803204e+03 4.761034497117926301e-14
1.218536689913040391e+03 4.739092577827720460e-14
1.218543253353277350e+03 4.717300591500431199e-14
1.218549816619660533e+03 4.695659698149938475e-14
1.218556379886043487e+03 4.674169438827130683e-14
1.218562942978046522e+03 4.652829019833303292e-14
1.218569506070049783e+03 4.631630480201634857e-14
1.218576068987155395e+03 4.610576956945494271e-14
1.218582631904260779e+03 4.589672872248113879e-14
1.218589194645957832e+03 4.568906432359496867e-14
1.218595757387654658e+03 4.548281669818955788e-14
1.218602319953440201e+03 4.527798099326557136e-14
1.218608882519225290e+03 4.507452165250012338e-14
1.218615444908602740e+03 4.487242417732826497e-14
1.218622007297980190e+03 4.467172261514177446e-14
1.218628569510462057e+03 4.447235651989729401e-14
1.218635131722943470e+03 4.427433154628991286e-14
1.218641693758047495e+03 4.407763736748211471e-14
1.218648255793151520e+03 4.388225252450796439e-14
1.218654817650404766e+03 4.368817494724566058e-14
1.218661379507657784e+03 4.349538685725344341e-14
1.218667941186592998e+03 4.330387633226541621e-14
1.218674502865528666e+03 4.311359860642610605e-14
1.218681064365686780e+03 4.292459518432262749e-14
1.218687625865845121e+03 4.273684889718735001e-14
1.218694187186773433e+03 4.255033713184248879e-14
1.218700748507702428e+03 4.236503835445754899e-14
1.218707309648957107e+03 4.218097057380645292e-14
1.218713870790211786e+03 4.199807065642333737e-14
1.218720431751354681e+03 4.181636842321274590e-14
1.218726992712497349e+03 4.163587069468699194e-14
1.218733553493097133e+03 4.145654074072531857e-14
1.218740114273697145e+03 4.127834664029920836e-14
1.218746674873330676e+03 4.110134301049226110e-14
1.218753235472964434e+03 4.092546137258582013e-14
1.218759795891215163e+03 4.075070992091299122e-14
1.218766356309465436e+03 4.057708261249025301e-14
1.218772916545924545e+03 4.040457990292228388e-14
1.218779476782382972e+03 4.023317882570961247e-14
1.218786036836646645e+03 4.006285215726144036e-14
1.218792596890910545e+03 3.989359550326334131e-14
1.218799156762584062e+03 3.972543895235911760e-14
1.218805716634257806e+03 3.955832440468798839e-14
1.218812276322952584e+03 3.939229774675820566e-14
1.218818836011647591e+03 3.922730375693000575e-14
1.218825395516981416e+03 3.906335483495887740e-14
1.218831955022316379e+03 3.890044258226696794e-14
1.218838514343915449e+03 3.873854833729728704e-14
1.218845073665514974e+03 3.857765733819460690e-14
1.218851632803011398e+03 3.841779435586457166e-14
1.218858191940508050e+03 3.825889936700170401e-14
1.218864750893540986e+03 3.810099725646008151e-14
1.218871309846573467e+03 3.794407499140102365e-14
1.218877868614788213e+03 3.778812964720812327e-14
1.218884427383002730e+03 3.763315416712788820e-14
1.218890985966051403e+03 3.747912833808898522e-14
1.218897544549100530e+03 3.732603296815793708e-14
1.218904102946643434e+03 3.717389314848636731e-14
1.218910661344186565e+03 3.702266637182731820e-14
1.218917219555889005e+03 3.687237673965930322e-14
1.218923777767591901e+03 3.672302588218485266e-14
1.218930335793127369e+03 3.657455521625498631e-14
1.218936893818662611e+03 3.642700387613618351e-14
1.218943451657710511e+03 3.628034215858857577e-14
1.218950009496757502e+03 3.613457349304987661e-14
1.218956567149003376e+03 3.598969465005512207e-14
1.218963124801248796e+03 3.584567489333225028e-14
1.218969682266385007e+03 3.570251846643921249e-14
1.218976239731521446e+03 3.556022261823013350e-14
1.218982797009248088e+03 3.541878824351391397e-14
1.218989354286974503e+03 3.527819568371343848e-14
1.218995911376996446e+03 3.513844522337731681e-14
1.219002468467018389e+03 3.499952593317302981e-14
1.219009025369048686e+03 3.486142453764421674e-14
1.219015582271078983e+03 3.472412916429153963e-14
1.219022138984835919e+03 3.458767664614278671e-14
1.219028695698593538e+03 3.445202907784572975e-14
1.219035252223802900e+03 3.431717380508428739e-14
1.219041808749011579e+03 3.418311067930605571e-14
1.219048365085404839e+03 3.404984020180306573e-14
1.219054921421797872e+03 3.391735291473266754e-14
1.219061477569113094e+03 3.378563703287361066e-14
1.219068033716428090e+03 3.365469939721382540e-14
1.219074589674409481e+03 3.352451787055157892e-14
1.219081145632390644e+03 3.339508083398877000e-14
1.219087701400789456e+03 3.326639776760771615e-14
1.219094257169188495e+03 3.313845041485670523e-14
1.219100812747761438e+03 3.301124880139178922e-14
1.219107368326334608e+03 3.288480037240210015e-14
1.219113923714845441e+03 3.275908229310840562e-14
1.219120479103356502e+03 3.263407598958216433e-14
1.219127034301574668e+03 3.250978664540112776e-14
1.219133589499792379e+03 3.238622196620367785e-14
1.219140144507494597e+03 3.226332650353114044e-14
1.219146699515196133e+03 3.214114668964426422e-14
1.219153254332163215e+03 3.201966635130566949e-14
1.219159809149130524e+03 3.189888654543830312e-14
1.219166363775151467e+03 3.177878570091723599e-14
1.219172918401172865e+03 3.165937277125464091e-14
1.219179472836042123e+03 3.154061368746794473e-14
1.219186027270911609e+03 3.142253214891256494e-14
1.219192581514429548e+03 3.130512654136171726e-14
1.219199135757947943e+03 3.118838773760184465e-14
1.219205689809921751e+03 3.107229367386403557e-14
1.219212243861895331e+03 3.095684317543492364e-14
1.219218797722136969e+03 3.084205710284517182e-14
1.219225351582378607e+03 3.072789045045753771e-14
1.219231905250707769e+03 3.061436683527970040e-14
1.219238458919036475e+03 3.050147094570826026e-14
1.219245012395276945e+03 3.038920633027809526e-14
1.219251565871517414e+03 3.027756011273832914e-14
1.219258119155500026e+03 3.016653481658950961e-14
1.219264672439482638e+03 3.005611337122578669e-14
1.219271225531044820e+03 2.994630808920144717e-14
1.219277778622606775e+03 2.983709412414544029e-14
1.219284331521590502e+03 2.972849375941534336e-14
1.219290884420574002e+03 2.962049087919948059e-14
1.219297437126827617e+03 2.951307398547645920e-14
1.219303989833081005e+03 2.940623838663408341e-14
1.219310542346459215e+03 2.929998604954890387e-14
1.219317094859837425e+03 2.919431762553668208e-14
1.219323647180199941e+03 2.908922933673218046e-14
1.219330199500562458e+03 2.898468574661744373e-14
1.219336751627775584e+03 2.888071859242951873e-14
1.219343303754988483e+03 2.877731142176861940e-14
1.219349855688923981e+03 2.867447864452446510e-14
1.219356407622859479e+03 2.857218251040374997e-14
1.219362959363394793e+03 2.847042326186015321e-14
1.219369511103930108e+03 2.836921690486091878e-14
1.219376062650947915e+03 2.826856772276106500e-14
1.219382614197965950e+03 2.816845376220238184e-14
1.219389165551355518e+03 2.806887405283090283e-14
1.219395716904745768e+03 2.796980837386618629e-14
1.219402268064402051e+03 2.787127917776933379e-14
1.219408819224058561e+03 2.777326545228456820e-14
1.219415370189880605e+03 2.767578123565230120e-14
1.219421921155703330e+03 2.757880538461092808e-14
1.219428471927598594e+03 2.748233842754638727e-14
1.219435022699493629e+03 2.738637497307444814e-14
1.219441573277371845e+03 2.729092189655760446e-14
1.219448123855250515e+03 2.719596628360867647e-14
1.219454674239029600e+03 2.710150583430126530e-14
1.219461224622808459e+03 2.700754971634114565e-14
1.219467774812410426e+03 2.691406713944280117e-14
1.219474325002012165e+03 2.682107641590732792e-14
1.219480874997364936e+03 2.672856624015095589e-14
1.219487424992717479e+03 2.663653767018196256e-14
1.219493974793754205e+03 2.654499080496531192e-14
1.219500524594790932e+03 2.645392282407269087e-14
1.219507074201450450e+03 2.636331671239847637e-14
1.219513623808110196e+03 2.627318553597271566e-14
1.219520173220336801e+03 2.618351071854025788e-14
1.219526722632563406e+03 2.609429243471258662e-14
1.219533271850306619e+03 2.600553910258153735e-14
1.219539821068049832e+03 2.591723509902733525e-14
1.219546370091264407e+03 2.582939913547199812e-14
1.219552919114478982e+03 2.574199039278885912e-14
1.219559467943125355e+03 2.565504400730167182e-14
1.219566016771771501e+03 2.556853301748696763e-14
1.219572565405814885e+03 2.548246745974340540e-14
1.219579114039858723e+03 2.539682858179914640e-14
1.219585662479269786e+03 2.531162189680772895e-14
1.219592210918681076e+03 2.522685379169624048e-14
1.219598759163436398e+03 2.514250337378722300e-14
1.219605307408191948e+03 2.505858199237636840e-14
1.219611855458272203e+03 2.497508159184238628e-14
1.219618403508352458e+03 2.489199644861567892e-14
1.219624951363744003e+03 2.480932742433861669e-14
1.219631499219135549e+03 2.472707606361192132e-14
1.219638046879830426e+03 2.464523033157940984e-14
1.219644594540525077e+03 2.456378892571870605e-14
1.219651142006518967e+03 2.448276184267631942e-14
1.219657689472512857e+03 2.440213281874460031e-14
1.219664236743808488e+03 2.432190139398542075e-14
1.219670784015103436e+03 2.424206586665456855e-14
1.219677331091706947e+03 2.416262145452810054e-14
1.219683878168310230e+03 2.408357747137361946e-14
1.219690425050233216e+03 2.400491558796469034e-14
1.219696971932156202e+03 2.392664185171852942e-14
1.219703518619415490e+03 2.384875172388174602e-14
1.219710065306675233e+03 2.377124344987261579e-14
1.219716611799293105e+03 2.369410852443100945e-14
1.219723158291910977e+03 2.361735651659098561e-14
1.219729704589913808e+03 2.354097055603346409e-14
1.219736250887916640e+03 2.346496675581878215e-14
1.219742796991336036e+03 2.338934816564264874e-14
1.219749343094755659e+03 2.331407837938983648e-14
1.219755889003627999e+03 2.323916255547794309e-14
1.219762434912500566e+03 2.316461643679958299e-14
1.219768980626867460e+03 2.309042961542834679e-14
1.219775526341235036e+03 2.301660981837153307e-14
1.219782071861142413e+03 2.294313977018720848e-14
1.219788617381050244e+03 2.287002528243588242e-14
1.219795162706549945e+03 2.279725827787095544e-14
1.219801708032049646e+03 2.272483762158370762e-14
1.219808253163196241e+03 2.265276290642791750e-14
1.219814798294343063e+03 2.258103542779222587e-14
1.219821343231197943e+03 2.250965372090286330e-14
1.219827888168052823e+03 2.243860613535308416e-14
1.219834432910681016e+03 2.236789668488051860e-14
1.219840977653309437e+03 2.229752598588717505e-14
1.219847522201780521e+03 2.222748085446649049e-14
1.219854066750251377e+03 2.215777914851191908e-14
1.219860611104640611e+03 2.208840391700303916e-14
1.219867155459029618e+03 2.201936229357567623e-14
1.219873699619415447e+03 2.195062951475880890e-14
1.219880243779801503e+03 2.188222450157714831e-14
1.219886787746268510e+03 2.181414037073479064e-14
1.219893331712735062e+03 2.174637440913804323e-14
1.219899875485371012e+03 2.167892284449224133e-14
1.219906419258006963e+03 2.161178699048142035e-14
1.219912962836905081e+03 2.154496283292961170e-14
1.219919506415802971e+03 2.147845197813947925e-14
1.219926049801060799e+03 2.141225752493038482e-14
1.219932593186318400e+03 2.134636156281180057e-14
1.219939136378037347e+03 2.128077304631872687e-14
1.219945679569756521e+03 2.121549325880189121e-14
1.219952222568043908e+03 2.113902174608118492e-14
1.219958765566331067e+03 2.104242526232905177e-14
1.219965308371296942e+03 2.090180046060680016e-14
1.219971851176262817e+03 2.067858941679759542e-14
1.219978393788023141e+03 2.032299993913309069e-14
1.219984936399782782e+03 1.965844938486418565e-14
1.219991478818456244e+03 1.808844340406798639e-14
1.219998021237129478e+03 1.502551808975614811e-14
